.__C__Door <-
<S4 object of class structure("classRepresentation", package = "methods")>
.__C__rasch <-
<S4 object of class structure("classRepresentation", package = "methods")>
`.__T__EAP:.GlobalEnv` <-
<environment>
`.__T__getDoor:.GlobalEnv` <-
<environment>
`.__T__initialize:methods` <-
<environment>
`.__T__likelihood:.GlobalEnv` <-
<environment>
`.__T__PlayGame:.GlobalEnv` <-
<environment>
`.__T__print:.GlobalEnv` <-
<environment>
`.__T__print:base` <-
<environment>
`.__T__prior:.GlobalEnv` <-
<environment>
`.__T__probability:.GlobalEnv` <-
<environment>
.Random.seed <-
c(403L, 357L, -337296553L, 608665808L, 1529933528L, 70295155L, 
1748586051L, 287876513L, 1683676595L, 1869388529L, -1070145999L, 
619478762L, 212581339L, -111911794L, -1373314686L, -1951187214L, 
576944453L, -1984285792L, 288750718L, 1689082126L, 623269049L, 
1426787841L, -139885726L, 1704082593L, -1177601781L, 830274783L, 
741586391L, -43304770L, -584017425L, -1658498902L, 630602372L, 
1363420904L, -354618395L, -176839644L, -1260310051L, 1834801936L, 
-1411392031L, -1693368551L, -131325071L, -1350354268L, 926728808L, 
-1655530250L, 287134846L, -1041117936L, -313069980L, 260473997L, 
-1782328930L, 1554201706L, -1250520921L, 1062067450L, -571687899L, 
-433602533L, -1592196639L, -1202245746L, -598294355L, -2136821999L, 
-2076607123L, 1417024546L, 1226215328L, -1052375814L, 2089479668L, 
-60670518L, 2036087011L, -2007639279L, 952917812L, 2017924941L, 
1849557996L, 1443995319L, -1716306663L, 937875965L, -1214239020L, 
743415209L, 1304907012L, -461383012L, 182606699L, 285126611L, 
-619875194L, 1329281956L, 1744381732L, 924444672L, 721753417L, 
-944329887L, 407807817L, -1497349034L, 510068553L, -1615075754L, 
890209913L, 2068429895L, -240669210L, 177459419L, 1218537366L, 
-115980591L, -1304580128L, 1977153218L, -305821869L, 1507130178L, 
566678537L, -505403966L, -1277974829L, -578543614L, 2146400769L, 
-1264691020L, 1615461129L, -910145304L, 996596574L, -1434130497L, 
-1337896108L, 1367594149L, -823196229L, 1686681409L, 1150152472L, 
957856449L, 674055574L, 967090956L, -457952474L, -844046556L, 
-496749243L, -699414895L, 332160574L, 468854418L, 1795181303L, 
916735479L, -210979640L, 674639891L, -622585277L, -172102881L, 
1431750810L, 1776473203L, 1467140201L, -1953859693L, -850276376L, 
259388131L, -2094458219L, -1064506557L, 1929919853L, -1254486915L, 
-1902650359L, 1229595017L, 1030787431L, -497189678L, 1046363095L, 
-676768695L, -1539981853L, -1384516952L, 40876125L, -1918513289L, 
307626893L, 924197717L, 1911868062L, 1456438395L, 1060604439L, 
-1210599685L, -1612790966L, -300933148L, 1784106690L, -102166888L, 
-668396771L, 1753975378L, -78040956L, -1525580598L, -828394685L, 
1748069821L, -1135854078L, 2099766742L, -1345224404L, 499717153L, 
2054128390L, 1340891433L, -92410503L, 2110863664L, -1081386505L, 
-1143715825L, 1759754246L, -938900415L, 904250201L, 702465754L, 
-2133598639L, -2011349394L, -2140444872L, 724683660L, -1969221246L, 
-1119841115L, -1185024777L, -2084390544L, -1062173320L, 1022722519L, 
-1014834727L, 1979635830L, -1106194640L, 1465959732L, 881971524L, 
1893731973L, -681443065L, 1477027984L, -213685205L, -21099162L, 
1939611805L, -1454334562L, 363398413L, -243444291L, 598103554L, 
873579792L, -1527453973L, -1268635312L, 2090642598L, 130382514L, 
213294612L, 985404928L, 229031200L, -1916256363L, 310929095L, 
-1822173001L, -873227531L, -765583241L, 531829715L, 1837454521L, 
691178858L, -1430434937L, -1894088275L, -68980633L, 2091245102L, 
-621391618L, -1324639209L, -1161639811L, -363544808L, 1379209824L, 
-1065921117L, -82007442L, -2046825519L, -1236585885L, 495052310L, 
683845778L, -1464244360L, -681388705L, 1701712803L, -753536415L, 
-1009975702L, 541054116L, -13197496L, -1062136806L, 1628921007L, 
-1782975465L, -285663045L, 1964652349L, -425395831L, 536502145L, 
-1179420377L, 461264144L, -9207069L, 1933373533L, 294789608L, 
1547071628L, -1983510374L, -115653659L, -1105479416L, 146036136L, 
-607313899L, 634447407L, 1832907686L, -2104632627L, -1581199450L, 
-725684388L, -198791914L, 179422572L, 1342399775L, 2120209121L, 
514146431L, 1980962125L, -825178937L, -1011978863L, 979598530L, 
-1909970865L, -2020524995L, 476898956L, 1441850743L, 1446972917L, 
-1001678368L, -722167743L, 816153515L, 1482238004L, 748044339L, 
-650135680L, -1341070155L, 1441886729L, -1839958738L, 1251247041L, 
1793948554L, -1999733472L, 432407407L, 1930834669L, -1186745756L, 
1233312226L, -2125177692L, -566002991L, -216222442L, -398971029L, 
-1965304689L, -223219791L, -986869569L, 2108422091L, 324702115L, 
-333943542L, -140390843L, -435967428L, -1532164219L, -62471984L, 
719864091L, 188807339L, -1545058476L, 784893713L, -2005288986L, 
1093979827L, -363247723L, 2096931424L, 1744463898L, -939856843L, 
2124770190L, 930250815L, -1000912183L, -1005258141L, 1599367647L, 
-1814253677L, 443434711L, 1815746078L, -1514323705L, -870268934L, 
-474026039L, -1616636462L, -370863290L, 1926475362L, 162665928L, 
791121204L, -1786965939L, -303517088L, -378502215L, -309902292L, 
-1411575771L, 702282944L, 1529978104L, -1482489734L, -1348077100L, 
14582236L, 1898532036L, 373435311L, 321173810L, -1867127832L, 
1717056146L, 847237613L, 1223759528L, 1179252672L, 1011216255L, 
955316881L, -526606410L, 1908947620L, 36640365L, 1322486516L, 
-1576569293L, 1763275701L, 1230329603L, 259532907L, 1228699185L, 
74542769L, -682436793L, 2130256185L, 1648214983L, -278695763L, 
-1617416639L, -1543152945L, -476877459L, 927536812L, -314110028L, 
1952614817L, -991578466L, -191679280L, -2060989761L, -971907871L, 
1099580659L, -3355570L, -1828855514L, -1970297395L, 1012659963L, 
-564287994L, -1973009069L, 2123268953L, -1818693441L, -59204746L, 
2117612868L, -1868580257L, -1269953829L, -1383770894L, -1549611575L, 
2020334774L, 1858751596L, 25193468L, 1339123725L, 960212473L, 
-274236746L, 2059598394L, 1753136100L, -190026912L, -1891713600L, 
1112745376L, -1547525635L, 2073462186L, 340882773L, 642450985L, 
-1981232083L, -883621960L, -721406122L, 1830997611L, 485257388L, 
-730743885L, -1529061917L, 725116910L, 715570456L, -977305363L, 
-424346406L, -1790064653L, 1942184853L, -1310512436L, 392499613L, 
1606064386L, 1276924765L, -1725730302L, 1025397285L, -542785991L, 
1976652051L, 953346186L, -190985817L, -1359478482L, -500601739L, 
-1369406296L, 908246146L, 1185481242L, -1456210477L, -1927008425L, 
-1699469080L, -438481384L, -1777014154L, -716814191L, 1437772371L, 
-909753610L, 660637756L, -988247568L, 2043599412L, 2116653049L, 
451110448L, 1584628484L, 1098734986L, -239955823L, 2123545305L, 
785266538L, 674694370L, -2112246677L, -491336878L, 623086561L, 
1692110771L, 1194677429L, 1560431109L, 1438384056L, -657507145L, 
1869963770L, 1607773283L, -1284929736L, 1390300685L, 200922997L, 
1464921550L, -1057664095L, 470720451L, 576737834L, -877382575L, 
-637036473L, 660598100L, -37930508L, 1424938827L, 1179748932L, 
-1982480213L, -1160370557L, -2128484758L, 1089868112L, -1164293130L, 
-1238380144L, -738805995L, -1104829926L, -218195983L, -1194461284L, 
-1604833584L, 817514344L, 1316817090L, -1622096076L, 160657555L, 
797442717L, 664547316L, -303175045L, 1315999685L, -1734070366L, 
-2091865114L, 1330029646L, -948827695L, 1937687531L, -1077921377L, 
-2090622383L, 1299386133L, 190327151L, 156486301L, -1487169910L, 
2111615182L, 2040760118L, 689579316L, -1022512774L, 49674138L, 
-114078061L, -1540513123L, -674027633L, -933410064L, -2096129568L, 
208268963L, -1294577575L, 671305690L, 690667568L, -456408192L, 
1004237441L, 1923517738L, -2066932274L, -533465247L, 154199463L, 
-1408281969L, 83945846L, 293034159L, -2073485183L, -414280852L, 
-1560454379L, 531684772L, 977610755L, 330684433L, 582251704L, 
-1824150876L, -118621438L, 971090121L, 533232436L, -448812379L, 
1324343486L, -114601772L, -2074025653L, 1398849958L, 856006564L, 
1589956435L, 1488335993L, -226394490L, -1092012957L, 586108700L, 
-176725751L, 280802785L, -1349017139L, -3126332L, 1000695553L, 
1464896657L, -1738192995L, 1198104412L, -382770959L, -1974645181L, 
